[gd_scene load_steps=4 format=2]

[ext_resource path="res://IsoArcher/Shop/Scripts/Shop.cs" type="Script" id=1]
[ext_resource path="res://IsoArcher/Shop/Models/isoArcherShopScene.tscn" type="PackedScene" id=2]
[ext_resource path="res://IsoArcher/UI/ShopUI/ShopHudIn3D.tscn" type="PackedScene" id=3]

[node name="Shop" type="Spatial"]
script = ExtResource( 1 )

[node name="isoArcherShopScene" parent="." instance=ExtResource( 2 )]

[node name="ShopHudIn3D" parent="." instance=ExtResource( 3 )]
transform = Transform( -0.98955, 0.0583605, -0.131852, 0.0439274, 0.992978, 0.109838, 0.137336, 0.102899, -0.985165, 5.12345, 8.53589, -8.11118 )

[node name="ShopHudIn3D2" parent="." instance=ExtResource( 3 )]
transform = Transform( -0.98955, 0.0583605, -0.131852, 0.0439274, 0.992978, 0.109838, 0.137336, 0.102899, -0.985165, 5.21388, 5.79069, -8.36165 )

[node name="ShopHudIn3D3" parent="." instance=ExtResource( 3 )]
transform = Transform( -0.98955, 0.0583605, -0.131852, 0.0439274, 0.992978, 0.109838, 0.137336, 0.102899, -0.985165, 5.06438, 3.1673, -8.6331 )
